0.010209 72
9.442808 1
1.149128 1
0.281785 1
0.575747 1
0.164776 1
1.376293 2
0.001233 11
0.000334 72
4.862696 1
0.395264 1
0.739762 1
0.160183 1
0.469837 1
0.507928 1
0.404168 1
0.508000 2
0.000094 58
0.000015 115
0.000032 76
0.000026 177
0.000021 90
0.000022 152
0.000023 226
0.000033 230
0.000064 141
0.000028 681
0.000029 122
0.000023 139
0.000015 76
0.000021 46
0.000023 117
0.000020 124
0.000015 110
0.000031 77
0.000024 235
0.000027 212
0.000022 18
0.000017 81
0.000015 12
0.000017 83
0.000014 12
0.000017 98
0.000014 42
0.000017 90
0.000015 38
0.000016 71
0.000138 400
0.000051 175
0.000022 13
0.000021 82
0.000015 17
0.000017 45
0.000016 20
0.000015 51
0.000014 12
0.000016 38
0.000016 12
0.000015 43
0.000012 19
0.000021 41
0.000017 57
0.000015 17
0.000022 58
0.000020 85
0.000015 25
0.000016 126
0.000014 12
0.000016 82
0.000020 11
0.000027 122
0.000019 155
0.000015 12
0.000013 130
0.000023 94
0.000029 303
0.000017 94
0.000012 27
0.000025 152
0.000025 224
0.000028 169
0.000039 448
0.000029 194
0.000021 141
0.000028 182
0.000023 168
0.000021 165
0.000024 219
0.000032 185
0.000028 264
0.000029 325
0.000021 398
0.000020 105
0.000026 80
0.000020 56
0.000020 94
0.000021 55
0.000021 68
0.000025 120
0.000068 117
0.000027 246
0.000021 151
0.000027 115
0.000021 143
0.000020 157
0.000022 178
0.000032 232
0.000033 224
0.000023 266
0.000035 248
0.000023 127
0.000047 276
0.000025 113
0.000025 101
0.000009 16
0.000329 72
22.040094 1
0.647168 1
0.201461 1
0.618166 1
18.515954 4
0.165735 4
0.199695 4
1.413335 4
0.177818 1
29.455596 30
5.370649 73
0.000073 7
2.349698 4
0.817502 4
0.200709 4
0.159180 4
0.148074 4
0.160155 4
0.166898 4
0.202557 1
14.558932 5
3.245745 4
0.197585 4
0.155650 4
0.206650 4
0.844543 4
0.270785 1
0.237110 1
4.022811 4
0.560408 44
1.841195 111
0.839981 11
0.968019 21
2.384962 31
1.756191 4
0.152206 4
0.142904 4
0.141820 4
0.381416 4
0.154876 4
0.167434 4
0.155349 4
0.160132 4
0.193125 4
0.138847 4
0.171239 4
0.161742 4
0.350056 4
0.350496 4
0.195044 4
0.163762 1
0.161403 1
0.200432 1
1.557804 1
1.397494 1
0.892003 1
0.137127 1
1.665573 1
2.744836 4
0.205238 4
0.150882 4
0.212624 4
0.103581 4
0.752649 1
0.168152 1
10.900941 1
0.347125 1
0.263671 1
0.605221 1
1.743747 4
0.143175 4
0.159062 4
0.165697 4
0.163954 1
0.136931 1
0.257834 1
0.600434 1
1.953007 1
0.357690 1
0.151510 1
3.327097 1
0.178252 1
0.176372 1
0.881018 3
0.168818 3
0.196306 3
0.780730 1
2.212369 1
1.036794 2
0.000154 58
0.000047 46
0.000259 72
23.727017 58
8.127397 190
0.864483 1
2.663195 1
6.371016 1
0.411203 1
0.186557 1
3.518169 1
0.179687 1
0.175103 1
0.166348 1
0.642513 1
29.725770 3
0.193670 3
0.178016 3
0.173167 3
1.170007 1
1.984580 1
0.140457 1
1.016347 1
1.748008 1
0.738887 1
0.101084 1
0.623829 1
1.159863 4
0.490913 1
1.013750 1
1.358190 1
0.771958 1
1.269799 1
2.070689 1
0.139508 1
1.036474 1
0.817232 3
0.919604 3
0.667129 3
1.798526 3
0.151749 3
0.717675 3
1.147311 2
0.000212 76
0.000082 44
0.000019 7
0.000238 72
5.738348 1
1.295604 1
0.344066 1
0.670812 1
0.752995 1
0.706724 1
0.784462 1
0.645287 1
0.230922 1
1.125943 1
0.166980 1
2.762611 1
1.616347 3
1.770034 3
1.675771 3
3.200021 3
0.852591 3
0.991436 2
0.000107 6
0.000234 72
15.927354 76
2.286754 1
0.521009 1
0.014657 1
0.034238 1
0.029629 1
0.021305 1
0.064543 2
0.028644 1
0.031489 1
0.043108 1
0.021906 1
0.026944 1
0.040660 1
0.037498 1
0.034395 1
0.029981 1
0.025373 1
0.039753 1
0.029229 1
0.037110 1
0.034405 1
0.014607 1
0.027774 1
0.027996 1
0.043072 1
0.028057 1
0.035458 1
0.017222 1
0.035201 1
0.025707 1
0.034897 1
0.100129 229
0.027996 2
0.062931 1
0.881787 1
1.180400 1
0.189377 1
0.149288 1
0.168528 1
0.142286 1
0.093055 1
0.151925 1
0.121991 1
0.153265 1
0.172269 1
0.179072 1
0.169486 1
0.222981 1
0.121708 1
0.163394 1
0.147439 1
0.938325 1
1.161711 160
1.062626 163
1.407755 133
0.999787 76
2.317606 4
0.247371 4
0.180698 4
0.177545 4
0.168688 4
0.149557 4
0.175459 4
0.119124 4
0.208865 4
0.251040 4
0.424938 4
0.050147 4
0.334725 4
0.193964 4
0.181921 4
0.168778 4
0.186419 4
0.177493 4
0.181607 4
0.202648 4
27.074788 2
0.000128 44
0.000300 72
6.941417 1
0.162697 1
0.440956 1
0.862382 1
0.147199 1
1.270038 2
0.001313 11
0.000389 72
2.750610 1
0.482213 1
0.668383 1
0.159064 1
0.564037 1
0.936644 1
0.092702 1
0.584590 2
0.000104 201
0.000033 141
0.000032 174
0.000022 152
0.000022 157
0.000027 170
0.000094 752
0.000026 76
0.000018 69
0.000018 54
0.000022 74
0.000021 96
0.000019 91
0.000018 59
0.000021 63
0.000036 179
0.000026 140
0.000023 211
0.000020 160
0.000021 102
0.000018 101
0.000021 81
0.000021 109
0.000019 96
0.000020 132
0.000018 67
0.000019 131
0.000020 139
0.000017 186
0.000025 147
0.000025 76
0.000018 52
0.000021 92
0.000016 84
0.000027 78
0.000018 37
0.000021 64
0.000017 94
0.000022 88
0.000011 124
0.000069 93
0.000025 160
0.000021 129
0.000018 168
0.000021 187
0.000021 170
0.000019 94
0.000023 165
0.000018 94
0.000019 144
0.000020 94
0.000017 178
0.000026 162
0.000021 171
0.000017 119
0.000021 181
0.000023 155
0.000025 168
0.000021 128
0.000028 250
0.000066 127
0.000025 1296
0.000138 1896
0.000116 1450
0.000286 72
8.796512 1
0.166342 1
0.596293 1
0.398024 1
0.194955 1
0.873307 2
0.001097 11
0.000353 72
0.772224 1
1.636526 1
0.072979 1
0.186249 1
0.116517 1
0.219980 1
0.171286 1
0.171818 1
0.162516 1
0.168383 1
1.140218 4
0.120548 1
0.171164 1
1.593019 1
0.183083 1
0.182233 1
0.143409 1
0.157643 1
0.233904 1
1.131519 1
0.194131 1
0.131355 1
0.171357 1
5.342688 1
1.638559 1
5.717066 1
0.914419 1
1.108059 1
0.733494 1
0.659705 1
2.590131 1
2.080037 1
2.194014 4
0.984073 4
4.371190 1
2.169190 1
0.861762 1
1.462924 1
4.957919 10
0.185041 1
0.157646 1
0.169076 1
0.155045 1
1.721263 1
0.131241 1
1.311548 1
0.237669 1
0.202210 1
0.182026 1
0.178061 1
0.135331 1
0.175045 1
0.173444 1
0.196796 1
0.205782 1
0.186176 1
0.224244 1
0.190464 1
0.191214 1
0.216684 1
0.924405 4
0.487468 4
0.027998 4
0.032481 4
0.023249 4
0.031713 4
0.025859 4
0.031393 4
0.040995 4
0.034052 4
0.028324 4
0.048337 4
0.009820 4
1.065827 2
0.080720 114
0.000186 60
0.009138 72
4.133312 1
0.211920 1
0.346239 1
0.557499 1
0.112148 1
1.078131 2
0.001168 11
0.000392 72
3.031244 1
1.147562 1
0.149875 1
0.430307 1
0.317976 2
0.000024 56
0.000095 44
0.000290 72
305.026409 1
0.178406 1
0.420861 1
0.608852 1
0.203056 1
0.868377 1
0.186129 1
0.357862 1
0.717821 1
0.542469 1
0.641088 2
0.201464 25
0.040181 859
41.330129 28
0.001312 72
21.140930 10
1.165506 1
0.210561 1
0.151021 1
0.131824 1
0.170149 1
0.128904 1
0.143598 1
1.729734 15
0.892001 1
0.472779 5
0.970182 2
0.187383 113
0.000730 72
26.679716 1
0.252116 1
0.588253 1
0.139857 1
0.699357 1
0.164065 1
2.274550 1
0.179936 1
0.308435 1
0.217269 1
0.454168 1
0.381617 1
0.685389 2
0.184545 41
0.000133 72
0.000635 72
11.741354 1
0.121741 1
0.723039 1
0.614049 1
0.172601 1
0.910408 2
0.001172 11
0.000363 72
1.204715 1
0.195685 1
0.794352 1
0.106808 1
2.028737 1
0.817124 1
1.275352 1
0.245690 1
0.346817 1
0.191993 1
0.370318 1
0.309221 1
0.589954 2
0.197909 25
0.044883 1090
3.508593 28
0.000902 72
1.638492 1
0.263404 1
0.339563 1
0.138501 1
0.843146 1
0.214918 1
1.859844 1
0.795363 1
0.263462 1
0.619443 1
0.613253 1
0.688730 1
1.064172 2
0.184515 113
0.000638 72
44.725933 1
1.382616 1
0.156490 1
0.549568 1
0.452186 1
0.196870 1
0.296189 1
0.482140 1
0.858932 1
0.184389 1
0.594018 4
0.167955 4
0.168588 4
0.160735 4
1.790212 1
0.891944 1
0.209970 1
0.320604 1
0.631791 1
0.640960 1
0.400001 2
0.187033 113
0.000690 72
2.579449 1
0.161912 1
0.545037 1
0.737938 1
0.137668 1
0.945097 2
0.001146 11
0.000371 72
0.790090 1
0.222220 1
0.403590 1
0.173794 1
0.418516 1
0.163693 1
1.013221 1
0.568154 1
0.321310 1
0.434249 1
0.582491 1
0.644498 1
1.854796 2
0.187522 113
0.000738 72
1.846103 1
0.221258 1
0.491378 1
0.215123 1
0.925323 1
0.445285 1
0.131412 1
0.626227 1
0.662121 1
0.166899 1
0.431396 1
0.433501 1
0.807610 1
10.545857 2
0.197142 25
0.044930 859
3.366853 23
0.000055 88
0.084996 150
0.504830 111
0.031439 33
0.000064 98
0.027955 111
0.032510 134
0.044181 111
0.024265 133
0.034555 112
0.020663 33
0.000017 108
0.040021 33
0.000016 79
0.038128 33
0.000017 107
0.022779 112
0.014671 138
0.065760 112
0.022946 167
0.016196 33
0.000016 79
0.048899 172
0.024860 112
0.037247 186
0.011536 133
0.030044 33
0.000056 79
0.071674 33
0.000018 96
0.022346 104
0.000018 74
0.072813 33
0.000017 79
0.005962 136
0.025394 112
1.490237 186
0.504829 172
0.021604 112
0.026695 186
0.035213 186
0.029960 143
0.039387 112
0.029004 33
0.000015 153
0.028502 186
0.034548 127
0.027306 112
0.025385 186
0.025579 186
0.044419 183
0.025224 112
0.024810 126
0.030238 146
0.033634 112
0.034666 142
0.045354 186
0.015684 188
0.045042 134
0.019226 112
0.056110 129
0.008127 187
0.028765 33
0.000017 148
0.038703 33
0.000017 153
0.027128 172
0.033168 112
0.039509 136
0.022275 128
0.035903 112
0.020365 188
0.023630 132
0.038355 181
0.023656 112
0.037091 186
0.031476 121
0.037900 121
0.031418 121
0.030175 121
0.040427 121
0.014516 121
0.028512 121
0.037418 121
0.021428 121
0.035283 33
0.000017 88
0.023868 121
0.049928 33
0.000017 88
0.026316 33
0.000014 88
0.017103 33
0.000016 88
0.044238 33
0.000017 88
0.017074 121
0.030250 33
0.000037 88
0.034317 121
0.042142 121
0.040147 33
0.000018 88
0.012049 33
0.000017 88
0.040637 33
0.000017 88
0.013139 33
0.000017 88
0.036614 33
0.000018 88
0.028421 33
0.000018 88
0.037703 33
0.000017 88
0.020734 33
0.000017 88
0.034852 33
0.000017 88
0.029722 33
0.000017 88
0.027975 121
0.037476 121
0.023338 33
0.000053 88
0.031627 33
0.000051 88
0.029945 23
0.000028 98
0.034713 121
0.027472 33
0.000049 88
0.032660 33
0.000046 88
0.027254 33
0.000046 88
0.059647 33
0.000030 88
0.013488 33
0.000048 88
0.029936 33
0.000047 88
0.038888 33
0.000043 88
0.016473 121
0.047902 121
0.019103 121
0.178212 33
0.000017 88
0.505508 121
0.023285 33
0.000046 88
0.040363 121
0.054096 121
0.010227 33
0.000048 88
0.028950 121
0.041594 121
0.021035 121
0.024106 33
0.000017 88
0.042447 33
0.000016 88
0.015672 33
0.000016 88
0.029514 33
0.000035 88
0.028887 33
0.000048 88
0.041653 121
0.024988 33
0.000017 88
0.054720 33
0.000018 88
0.017315 33
0.000044 88
0.018930 121
0.034380 33
0.000016 88
0.029908 33
0.000019 88
0.036845 121
0.027307 33
0.000046 88
0.031190 33
0.000017 88
0.047101 33
0.000103 88
0.033621 121
0.019584 33
0.000016 88
0.037726 33
0.000016 88
0.013308 121
0.037398 121
0.087838 33
0.000018 88
0.013024 33
0.000017 88
0.028538 121
0.041566 33
0.000018 88
0.020388 33
0.000018 88
0.041805 33
0.000017 88
0.033017 33
0.000017 88
0.021097 121
0.030768 33
0.000018 88
0.028611 121
0.032770 121
0.027524 121
0.029415 121
0.031983 121
0.073866 33
0.000017 88
0.032807 121
0.018004 121
0.031039 121
0.029259 33
0.000046 88
0.285530 33
0.000016 88
0.510688 33
0.000017 88
0.025659 121
0.029608 33
0.000024 88
0.045088 33
0.000017 88
0.017803 33
0.000013 88
0.034648 33
0.000017 88
0.030690 33
0.000017 88
0.021064 33
0.000018 88
0.048716 121
0.016079 33
0.000017 88
0.031539 33
0.000015 88
0.039045 33
0.000017 88
0.044502 242
0.039393 33
0.000018 88
0.024871 33
0.000017 88
0.040208 33
0.000017 88
0.020131 33
0.000016 88
0.045531 121
0.019128 121
0.049408 121
0.012280 121
0.037213 121
0.020675 121
0.030869 121
0.042053 121
8.495902 121
0.193300 33
0.000025 88
0.398961 209
0.483904 209
0.033767 135
0.027084 166
0.032910 209
0.047786 209
0.022793 135
0.210882 698
0.048002 488
0.031126 135
0.019020 156
0.062602 209
0.121020 465
0.011286 190
0.037253 135
0.032914 161
0.018467 135
0.031074 163
0.031679 135
0.029665 164
0.083299 292
0.011249 135
0.029925 33
0.000017 125
0.036406 41
0.000017 94
0.114238 464
0.023183 135
0.028795 158
0.018099 135
0.024611 33
0.000018 127
0.031101 135
0.038758 158
0.042094 135
0.025183 161
0.016399 135
0.035143 146
0.033180 209
0.123017 478
0.026539 135
0.082488 183
0.031316 135
0.030545 149
0.025508 209
0.024182 154
0.032706 134
0.029417 33
0.000017 138
0.035128 194
0.023557 33
0.000016 117
0.029276 33
0.000016 101
0.031630 171
0.031882 146
0.030179 134
0.038699 33
0.000015 175
0.043169 118
0.038908 33
0.000043 85
0.032483 118
0.023866 118
0.030190 118
0.023200 118
0.023145 17
0.000022 101
0.031366 118
0.035619 118
0.027560 118
0.038333 118
0.023739 118
0.044508 118
0.016181 118
0.031133 118
0.029386 118
0.049451 118
0.012640 118
0.042847 118
0.040825 33
0.000018 85
0.022025 118
0.034703 118
0.025730 118
0.026241 33
0.000016 85
0.032772 33
0.000017 85
0.035624 33
0.000017 85
0.044069 118
0.026998 33
0.000016 85
4.219701 28
0.001702 72
2.354345 1
1.428638 1
0.177038 1
0.190531 1
0.553530 1
0.756416 1
0.156876 1
0.460897 1
0.395994 1
0.597100 1
0.646668 1
0.085487 1
0.973387 1
0.576552 3
1.077795 2
0.000286 46
0.000245 72
3.614695 1
0.178653 1
0.413038 1
0.181132 1
0.638417 1
0.428306 1
0.294166 1
0.690031 1
0.804066 1
0.563299 1
0.167909 1
0.687099 1
0.420565 2
0.205434 25
0.040066 859
11.469345 78
2.298720 28
0.003485 86
0.000837 72
15.015654 1
0.250340 1
0.332048 1
0.187045 1
2.409288 1
1.123160 1
0.770565 1
0.233246 1
0.462436 1
0.276023 1
0.312166 1
0.479222 1
0.422799 1
0.310405 2
0.196638 25
0.045164 859
16.283599 28
0.001366 72
3.237970 1
0.834649 1
0.562310 1
0.172151 1
0.670024 1
1.076677 1
0.724861 1
0.156601 1
0.327755 1
0.427182 1
0.783850 1
1.087296 2
0.002029 24
0.000099 76
0.000018 56
0.012473 69
0.000493 249
0.000025 184
0.000012 78
0.000033 208
0.000016 76
0.000030 224
0.000022 167
0.000024 151
0.000074 68
0.000076 6
52.536357 50
0.000029 34
0.000705 72
29.598351 1
0.135327 1
0.389617 1
0.455691 1
1.533102 1
0.317993 1
0.147439 1
0.605365 1
0.611633 1
0.125359 1
0.317071 1
0.437858 1
0.740728 1
0.434970 2
0.179065 46
0.000628 72
4.304813 1
0.278413 1
0.397696 1
0.466817 1
0.143887 1
1.001488 2
0.001244 11
0.000365 72
4.116301 1
0.287964 1
0.945026 4
0.163959 4
0.153917 1
0.894779 5
1.198511 18
1.048618 2
0.177397 46
0.000555 72
48.456241 1
0.139038 1
0.467765 1
0.584995 1
0.099562 1
1.686944 2
0.001258 11
0.000467 72
35.404949 1
1.561887 1
0.623392 1
0.130072 1
0.433676 1
0.144996 1
1.397799 1
0.214921 1
0.547805 1
0.404358 1
0.271357 1
0.579306 1
0.219493 1
0.489512 1
1.442537 2
0.001887 72
10.071346 1
0.169150 1
0.850403 1
0.314790 1
0.263326 1
0.527942 1
0.568332 1
0.163139 1
0.425823 1
0.183826 1
0.387803 1
0.842599 2
0.000441 90
6.045857 1
0.166909 1
0.413412 1
1.397269 2
0.000103 27
0.000311 90
5.491389 1
0.138536 1
0.476091 1
0.251101 1
1.363702 2
0.000098 18
0.000261 72
2.765525 1
0.489232 1
0.429481 1
0.946680 2
0.000094 18
0.000243 72
14.956312 3
0.701046 7
0.714579 11
1.048577 14
2.034764 2
0.000375 90
2.056907 11
1.052770 17
1.090937 2
0.000136 27
0.000335 90
30.890576 1
0.756747 1
0.193236 1
0.364421 1
1.339622 2
0.000128 6
